
CodeBook Generated By LBG Algorithm Round 1:
1.74817 -1.13274 0.568863 0.607475 0.156516 0.144407 0.0426663 -0.132076 -0.10305 -0.000661538 0.0467857 -0.0156603 

CodeBook Generated By LBG Algorithm Round 2:
1.33149 -1.68275 0.319086 0.712065 0.391432 0.383368 0.188661 -0.124339 -0.120335 0.091372 0.165539 -0.0131126 
2.03037 -0.760253 0.738023 0.536642 -0.00258137 -0.0174299 -0.0562082 -0.137316 -0.0913429 -0.0629911 -0.03364 -0.0173858 

CodeBook Generated By LBG Algorithm Round 3:
0.974212 -1.81791 0.330596 1.07069 0.40436 0.25365 0.189078 -0.14993 -0.0167046 0.233105 0.162741 -0.0479361 
1.469 -1.54328 0.278484 0.399237 0.366818 0.443927 0.185189 -0.0903768 -0.175312 -0.00362177 0.153733 0.00938132 
1.95137 -0.631904 0.875084 0.759391 0.0465294 0.111979 0.103211 -0.145091 -0.0848379 -0.0578678 -0.0937448 -0.0317404 
2.38631 -1.02508 0.528437 0.159689 -0.118333 -0.294543 -0.411273 -0.14581 -0.119181 -0.0825202 0.0955683 0.0127583 

CodeBook Generated By LBG Algorithm Round 4:
0.93083 -1.8043 0.247151 1.13547 0.40619 0.216311 0.231441 -0.158315 -0.0510896 0.254943 0.187598 -0.0721687 
1.0902 -1.83279 0.502318 0.889498 0.417003 0.354529 0.0860899 -0.135425 0.0514569 0.171909 0.113431 0.0111946 
1.68318 -1.86608 0.288282 0.50887 0.404333 0.505374 0.146653 -0.145678 -0.244499 -0.0460117 0.195767 0.0175174 
1.02862 -0.613034 0.27706 0.110357 0.246016 0.265587 0.300173 0.0608704 -0.00447008 0.0958777 0.0285841 -0.0133276 
2.06856 -0.678734 0.827821 0.904563 0.0267959 0.020694 0.206804 -0.13603 -0.201177 -0.0104052 -0.0377471 -0.115084 
1.90043 -0.622394 0.929017 0.700838 0.046506 0.167355 0.0264392 -0.165836 -0.0164161 -0.0982689 -0.135995 0.0212525 
2.43823 -1.09523 0.47922 0.160241 -0.144593 -0.337986 -0.421495 -0.166143 -0.141925 -0.0695916 0.101437 0.00488595 
2.06033 -0.585542 0.846637 0.169697 0.0577456 0.000500774 -0.33356 -0.0261326 0.0259457 -0.164183 0.0493501 0.0663022 

Final CodeBook Generated By LBG Algorithm:
0.93083 -1.8043 0.247151 1.13547 0.40619 0.216311 0.231441 -0.158315 -0.0510896 0.254943 0.187598 -0.0721687 
1.0902 -1.83279 0.502318 0.889498 0.417003 0.354529 0.0860899 -0.135425 0.0514569 0.171909 0.113431 0.0111946 
1.68318 -1.86608 0.288282 0.50887 0.404333 0.505374 0.146653 -0.145678 -0.244499 -0.0460117 0.195767 0.0175174 
1.02862 -0.613034 0.27706 0.110357 0.246016 0.265587 0.300173 0.0608704 -0.00447008 0.0958777 0.0285841 -0.0133276 
2.06856 -0.678734 0.827821 0.904563 0.0267959 0.020694 0.206804 -0.13603 -0.201177 -0.0104052 -0.0377471 -0.115084 
1.90043 -0.622394 0.929017 0.700838 0.046506 0.167355 0.0264392 -0.165836 -0.0164161 -0.0982689 -0.135995 0.0212525 
2.43823 -1.09523 0.47922 0.160241 -0.144593 -0.337986 -0.421495 -0.166143 -0.141925 -0.0695916 0.101437 0.00488595 
2.06033 -0.585542 0.846637 0.169697 0.0577456 0.000500774 -0.33356 -0.0261326 0.0259457 -0.164183 0.0493501 0.0663022 
